1.0
 
[0.35       0.22923309],[0.75       0.26048306],[0.6640625 0.4139987]
[0.34999951 0.22923263],[0.75000028 0.2604826 ],[0.664062  0.4139982]
[0.34999802 0.22923124],[0.75000113 0.26048121],[0.66406052 0.4139967 ]
[0.34999555 0.22922892],[0.75000254 0.26047889],[0.66405804 0.4139942 ]
[0.34999208 0.22922567],[0.75000452 0.26047566],[0.66405458 0.41399071]
[0.34998763 0.2292215 ],[0.75000707 0.26047149],[0.66405012 0.41398621]
[0.34998219 0.2292164 ],[0.75001018 0.2604664 ],[0.66404467 0.41398072]
[0.34997575 0.22921038],[0.75001386 0.26046038],[0.66403823 0.41397422]
[0.34996833 0.22920343],[0.7500181  0.26045344],[0.6640308  0.41396673]
[0.34995992 0.22919555],[0.75002291 0.26044557],[0.66402238 0.41395824]
[0.34995052 0.22918674],[0.75002828 0.26043678],[0.66401297 0.41394874]
[0.34994013 0.22917701],[0.75003422 0.26042706],[0.66400257 0.41393825]
[0.34992875 0.22916635],[0.75004073 0.26041642],[0.66399118 0.41392676]
[0.34991638 0.22915476],[0.7500478  0.26040485],[0.6639788  0.41391428]
[0.34990301 0.22914225],[0.75005544 0.26039235],[0.66396542 0.41390079]
[0.34988867 0.22912881],[0.75006365 0.26037893],[0.66395106 0.4138863 ]
[0.34987333 0.22911444],[0.75007242 0.26036459],[0.66393571 0.41387081]
[0.349857   0.22909915],[0.75008176 0.26034932],[0.66391936 0.41385433]
[0.34983968 0.22908293],[0.75009167 0.26033312],[0.66390203 0.41383684]
[0.34982137 0.22906579],[0.75010215 0.260316  ],[0.6638837  0.41381836]
[0.34980207 0.22904771],[0.75011319 0.26029795],[0.66386439 0.41379888]
[0.34978179 0.22902871],[0.7501248  0.26027898],[0.66384408 0.4137784 ]
[0.34976051 0.22900879],[0.75013699 0.26025908],[0.66382278 0.41375692]
[0.34973824 0.22898793],[0.75014974 0.26023826],[0.66380049 0.41373444]
[0.34971499 0.22896616],[0.75016306 0.26021651],[0.66377722 0.41371096]
[0.34969074 0.22894345],[0.75017695 0.26019384],[0.66375295 0.41368648]
[0.34966551 0.22891982],[0.7501914  0.26017024],[0.66372769 0.413661  ]
[0.34963928 0.22889526],[0.75020643 0.26014572],[0.66370144 0.41363453]
[0.34961207 0.22886978],[0.75022204 0.26012027],[0.6636742  0.41360705]
[0.34958386 0.22884337],[0.75023821 0.2600939 ],[0.66364597 0.41357858]
[0.34955467 0.22881603],[0.75025495 0.2600666 ],[0.66361675 0.4135491 ]
[0.34952449 0.22878777],[0.75027226 0.26003838],[0.66358653 0.41351863]
[0.34949332 0.22875859],[0.75029015 0.26000924],[0.66355533 0.41348716]
[0.34946115 0.22872847],[0.75030861 0.25997916],[0.66352314 0.41345469]
[0.349428   0.22869744],[0.75032765 0.25994817],[0.66348995 0.41342122]
[0.34939386 0.22866547],[0.75034725 0.25991625],[0.66345578 0.41338675]
[0.34935873 0.22863258],[0.75036743 0.2598834 ],[0.66342062 0.41335128]
[0.34932261 0.22859877],[0.75038819 0.25984963],[0.66338446 0.41331481]
[0.34928551 0.22856403],[0.75040952 0.25981494],[0.66334732 0.41327735]
[0.34924741 0.22852836],[0.75043143 0.25977932],[0.66330918 0.41323888]
[0.34920832 0.22849177],[0.75045391 0.25974278],[0.66327005 0.41319942]
[0.34916824 0.22845426],[0.75047697 0.25970532],[0.66322994 0.41315895]
[0.34912718 0.22841582],[0.75050061 0.25966693],[0.66318883 0.41311749]
[0.34908512 0.22837645],[0.75052482 0.25962761],[0.66314673 0.41307503]
[0.34904208 0.22833616],[0.75054962 0.25958738],[0.66310364 0.41303157]
[0.34899804 0.22829495],[0.75057499 0.25954621],[0.66305956 0.41298711]
[0.34895302 0.22825281],[0.75060094 0.25950413],[0.66301449 0.41294165]
[0.34890701 0.22820975],[0.75062748 0.25946112],[0.66296843 0.4128952 ]
[0.34886001 0.22816576],[0.75065459 0.25941719],[0.66292138 0.41284774]
[0.34881202 0.22812085],[0.75068229 0.25937233],[0.66287334 0.41279928]
[0.34876304 0.22807502],[0.75071057 0.25932656],[0.66282431 0.41274983]
[0.34871307 0.22802826],[0.75073943 0.25927985],[0.66277429 0.41269938]
[0.34866211 0.22798058],[0.75076888 0.25923223],[0.66272328 0.41264792]
[0.34861016 0.22793197],[0.75079891 0.25918368],[0.66267127 0.41259547]
[0.34855723 0.22788244],[0.75082952 0.25913421],[0.66261828 0.41254202]
[0.3485033  0.22783199],[0.75086072 0.25908382],[0.6625643  0.41248757]
[0.34844839 0.22778061],[0.75089251 0.2590325 ],[0.66250932 0.41243212]
[0.34839248 0.22772832],[0.75092489 0.25898026],[0.66245336 0.41237567]
[0.34833559 0.2276751 ],[0.75095785 0.2589271 ],[0.6623964  0.41231823]
[0.34827771 0.22762095],[0.7509914  0.25887302],[0.66233846 0.41225978]
[0.34821884 0.22756589],[0.75102555 0.25881801],[0.66227952 0.41220034]
[0.34815898 0.2275099 ],[0.75106028 0.25876208],[0.6622196  0.41213989]
[0.34809813 0.22745299],[0.75109561 0.25870523],[0.66215868 0.41207845]
[0.34803629 0.22739516],[0.75113153 0.25864746],[0.66209677 0.41201601]
[0.34797347 0.2273364 ],[0.75116804 0.25858877],[0.66203388 0.41195257]
[0.34790965 0.22727673],[0.75120514 0.25852915],[0.66196999 0.41188813]
[0.34784485 0.22721613],[0.75124284 0.25846862],[0.66190511 0.41182269]
[0.34777906 0.22715461],[0.75128114 0.25840716],[0.66183925 0.41175626]
[0.34771228 0.22709217],[0.75132003 0.25834478],[0.66177239 0.41168882]
[0.34764451 0.22702881],[0.75135952 0.25828148],[0.66170454 0.41162039]
[0.34757575 0.22696453],[0.75139961 0.25821726],[0.6616357  0.41155095]
[0.347506   0.22689933],[0.7514403  0.25815212],[0.66156587 0.41148052]
[0.34743527 0.22683321],[0.75148159 0.25808605],[0.66149505 0.41140909]
[0.34736355 0.22676617],[0.75152349 0.25801907],[0.66142324 0.41133666]
[0.34729083 0.22669821],[0.75156598 0.25795117],[0.66135045 0.41126323]
[0.34721713 0.22662933],[0.75160908 0.25788234],[0.66127666 0.4111888 ]
[0.34714244 0.22655953],[0.75165278 0.2578126 ],[0.66120188 0.41111337]
[0.34706677 0.22648881],[0.75169709 0.25774193],[0.66112611 0.41103695]
[0.3469901  0.22641718],[0.751742   0.25767035],[0.66104935 0.41095952]
[0.34691245 0.22634462],[0.75178752 0.25759785],[0.6609716 0.4108811]
[0.3468338  0.22627115],[0.75183365 0.25752442],[0.66089286 0.41080168]
[0.34675417 0.22619676],[0.7518804  0.25745008],[0.66081313 0.41072126]
[0.34667355 0.22612145],[0.75192775 0.25737482],[0.66073241 0.41063984]
[0.34659195 0.22604522],[0.75197571 0.25729864],[0.6606507  0.41055742]
[0.34650935 0.22596807],[0.75202429 0.25722154],[0.660568 0.410474]
[0.34642577 0.22589001],[0.75207348 0.25714352],[0.66048431 0.41038958]
[0.3463412  0.22581103],[0.75212328 0.25706459],[0.66039963 0.41030417]
[0.34625564 0.22573114],[0.7521737  0.25698473],[0.66031396 0.41021775]
[0.34616909 0.22565033],[0.75222474 0.25690396],[0.6602273  0.41013034]
[0.34608155 0.2255686 ],[0.7522764  0.25682227],[0.66013965 0.41004193]
[0.34599303 0.22548596],[0.75232868 0.25673966],[0.66005101 0.40995252]
[0.34590352 0.2254024 ],[0.75238157 0.25665614],[0.65996138 0.40986211]
[0.34581302 0.22531792],[0.75243509 0.25657169],[0.65987076 0.4097707 ]
[0.34572153 0.22523254],[0.75248924 0.25648633],[0.65977915 0.4096783 ]
[0.34562906 0.22514623],[0.75254401 0.25640006],[0.65968655 0.40958489]
[0.3455356  0.22505902],[0.7525994  0.25631286],[0.65959296 0.40949049]
[0.34544115 0.22497088],[0.75265542 0.25622475],[0.65949838 0.40939509]
[0.34534571 0.22488184],[0.75271207 0.25613572],[0.65940281 0.40929869]
[0.34524929 0.22479188],[0.75276935 0.25604578],[0.65930625 0.40920129]
[0.34515188 0.22470101],[0.75282725 0.25595492],[0.6592087  0.40910289]
[0.34505348 0.22460923],[0.75288579 0.25586315],[0.65911016 0.40900349]
[0.34495409 0.22451653],[0.75294497 0.25577046],[0.65901064 0.4089031 ]
[0.34485372 0.22442292],[0.75300477 0.25567685],[0.65891012 0.4088017 ]
[0.34475236 0.2243284 ],[0.75306522 0.25558233],[0.65880861 0.40869931]
[0.34465001 0.22423297],[0.7531263  0.25548689],[0.65870611 0.40859592]
[0.34454667 0.22413663],[0.75318801 0.25539054],[0.65860263 0.40849153]
[0.34444235 0.22403938],[0.75325037 0.25529328],[0.65849815 0.40838614]
[0.34433704 0.22394122],[0.75331337 0.2551951 ],[0.65839268 0.40827976]
[0.34423074 0.22384215],[0.75337701 0.25509601],[0.65828623 0.40817237]
[0.34412346 0.22374216],[0.7534413 0.254996 ],[0.65817878 0.40806399]
[0.34401519 0.22364127],[0.75350623 0.25489508],[0.65807035 0.40795461]
[0.34390593 0.22353947],[0.7535718  0.25479325],[0.65796092 0.40784423]
[0.34379569 0.22343677],[0.75363803 0.2546905 ],[0.65785051 0.40773285]
[0.34368446 0.22333315],[0.7537049  0.25458684],[0.65773911 0.40762047]
[0.34357224 0.22322863],[0.75377242 0.25448227],[0.65762672 0.40750709]
[0.34345904 0.22312319],[0.7538406  0.25437678],[0.65751333 0.40739272]
[0.34334485 0.22301686],[0.75390942 0.25427039],[0.65739896 0.40727735]
[0.34322968 0.22290961],[0.75397891 0.25416308],[0.6572836  0.40716098]
[0.34311351 0.22280146],[0.75404905 0.25405486],[0.65716725 0.40704361]
[0.34299637 0.22269241],[0.75411984 0.25394573],[0.65704991 0.40692524]
[0.34287823 0.22258245],[0.7541913  0.25383568],[0.65693158 0.40680587]
[0.34275911 0.22247158],[0.75426341 0.25372473],[0.65681227 0.40668551]
[0.342639   0.22235981],[0.75433619 0.25361287],[0.65669196 0.40656415]
[0.34251791 0.22224714],[0.75440963 0.25350009],[0.65657066 0.40644178]
[0.34239583 0.22213356],[0.75448373 0.25338641],[0.65644838 0.40631842]
[0.34227277 0.22201908],[0.75455851 0.25327182],[0.6563251  0.40619407]
[0.34214872 0.22190369],[0.75463395 0.25315631],[0.65620084 0.40606871]
[0.34202368 0.22178741],[0.75471006 0.2530399 ],[0.65607559 0.40594236]
[0.34189766 0.22167022],[0.75478684 0.25292258],[0.65594934 0.405815  ]
[0.34177065 0.22155213],[0.75486429 0.25280435],[0.65582211 0.40568665]
[0.34164266 0.22143315],[0.75494241 0.25268521],[0.65569389 0.40555731]
[0.34151368 0.22131326],[0.7550212  0.25256517],[0.65556468 0.40542696]
[0.34138372 0.22119247],[0.75510066 0.25244421],[0.65543448 0.40529561]
[0.34125277 0.22107078],[0.7551808  0.25232236],[0.6553033  0.40516327]
[0.34112083 0.22094819],[0.75526161 0.25219959],[0.65517112 0.40502993]
[0.34098791 0.22082471],[0.75534308 0.25207592],[0.65503796 0.40489559]
[0.34085401 0.22070033],[0.75542523 0.25195134],[0.6549038  0.40476025]
[0.34071912 0.22057505],[0.75550806 0.25182586],[0.65476866 0.40462392]
[0.34058325 0.22044887],[0.75559155 0.25169947],[0.65463253 0.40448658]
[0.34044639 0.2203218 ],[0.7556757  0.25157218],[0.65449541 0.40434825]
[0.34030855 0.22019383],[0.75576053 0.25144398],[0.6543573  0.40420892]
[0.34016972 0.22006497],[0.75584603 0.25131488],[0.6542182 0.4040686]
[0.34002991 0.21993521],[0.75593219 0.25118488],[0.65407811 0.40392727]
[0.33988911 0.21980456],[0.75601902 0.25105398],[0.65393704 0.40378495]
[0.33974733 0.21967301],[0.75610652 0.25092217],[0.65379497 0.40364163]
[0.33960456 0.21954057],[0.75619469 0.25078946],[0.65365192 0.40349731]
[0.33946081 0.21940724],[0.75628352 0.25065585],[0.65350788 0.40335199]
[0.33931608 0.21927302],[0.75637302 0.25052135],[0.65336285 0.40320568]
[0.33917036 0.21913791],[0.75646318 0.25038594],[0.65321683 0.40305836]
[0.33902366 0.2190019 ],[0.75655401 0.25024963],[0.65306983 0.40291005]
[0.33887598 0.21886501],[0.7566455  0.25011243],[0.65292183 0.40276074]
[0.33872731 0.21872723],[0.75673766 0.24997432],[0.65277285 0.40261044]
[0.33857766 0.21858856],[0.75683048 0.24983532],[0.65262288 0.40245913]
[0.33842702 0.218449  ],[0.75692396 0.24969543],[0.65247192 0.40230683]
[0.3382754  0.21830855],[0.75701811 0.24955463],[0.65231997 0.40215353]
[0.3381228  0.21816722],[0.75711291 0.24941294],[0.65216703 0.40199924]
[0.33796922 0.218025  ],[0.75720838 0.24927036],[0.65201311 0.40184394]
[0.33781465 0.21788189],[0.75730452 0.24912688],[0.65185819 0.40168765]
[0.3376591 0.2177379],[0.75740131 0.2489825 ],[0.65170229 0.40153036]
[0.33750256 0.21759302],[0.75749876 0.24883723],[0.6515454  0.40137207]
[0.33734505 0.21744727],[0.75759687 0.24869107],[0.65138753 0.40121279]
[0.33718655 0.21730062],[0.75769564 0.24854402],[0.65122866 0.40105251]
[0.33702706 0.2171531 ],[0.75779507 0.24839608],[0.65106881 0.40089123]
[0.3368666 0.2170047],[0.75789516 0.24824724],[0.65090797 0.40072895]
[0.33670515 0.21685541],[0.75799591 0.24809752],[0.65074614 0.40056567]
[0.33654272 0.21670525],[0.75809731 0.2479469 ],[0.65058332 0.4004014 ]
[0.33637931 0.2165542 ],[0.75819937 0.2477954 ],[0.65041951 0.40023613]
[0.33621492 0.21640228],[0.75830209 0.247643  ],[0.65025472 0.40006987]
[0.33604955 0.21624948],[0.75840546 0.24748972],[0.65008894 0.3999026 ]
[0.33588319 0.2160958 ],[0.75850948 0.24733555],[0.64992217 0.39973434]
[0.33571585 0.21594124],[0.75861416 0.2471805 ],[0.64975441 0.39956508]
[0.33554753 0.21578581],[0.75871949 0.24702456],[0.64958567 0.39939482]
[0.33537823 0.21562951],[0.75882548 0.24686773],[0.64941594 0.39922357]
[0.33520795 0.21547233],[0.75893212 0.24671002],[0.64924522 0.39905132]
[0.33503669 0.21531428],[0.75903941 0.24655143],[0.64907351 0.39887807]
[0.33486444 0.21515535],[0.75914735 0.24639195],[0.64890082 0.39870383]
[0.33469122 0.21499555],[0.75925594 0.24623159],[0.64872714 0.39852858]
[0.33451701 0.21483489],[0.75936518 0.24607035],[0.64855247 0.39835235]
[0.33434183 0.21467335],[0.75947507 0.24590823],[0.64837681 0.39817511]
[0.33416566 0.21451094],[0.75958561 0.24574522],[0.64820017 0.39799688]
[0.33398851 0.21434767],[0.7596968  0.24558134],[0.64802253 0.39781765]
[0.33381039 0.21418353],[0.75980863 0.24541658],[0.64784392 0.39763742]
[0.33363128 0.21401852],[0.75992111 0.24525094],[0.64766431 0.39745619]
[0.33345119 0.21385264],[0.76003424 0.24508443],[0.64748372 0.39727397]
[0.33327013 0.2136859 ],[0.76014801 0.24491704],[0.64730214 0.39709076]
[0.33308808 0.2135183 ],[0.76026242 0.24474877],[0.64711957 0.39690654]
[0.33290505 0.21334983],[0.76037748 0.24457963],[0.64693601 0.39672133]
[0.33272105 0.2131805 ],[0.76049318 0.24440961],[0.64675147 0.39653512]
[0.33253607 0.21301031],[0.76060952 0.24423872],[0.64656594 0.39634792]
[0.3323501  0.21283926],[0.76072651 0.24406696],[0.64637943 0.39615971]
[0.33216316 0.21266736],[0.76084413 0.24389433],[0.64619193 0.39597052]
[0.33197524 0.21249459],[0.76096239 0.24372082],[0.64600344 0.39578032]
[0.33178634 0.21232096],[0.76108129 0.24354645],[0.64581396 0.39558913]
[0.33159647 0.21214648],[0.76120083 0.2433712 ],[0.6456235  0.39539694]
[0.33140561 0.21197114],[0.76132101 0.24319509],[0.64543205 0.39520376]
[0.33121378 0.21179495],[0.76144182 0.24301811],[0.64523961 0.39500958]
[0.33102096 0.21161791],[0.76156327 0.24284027],[0.64504619 0.3948144 ]
[0.33082718 0.21144001],[0.76168536 0.24266156],[0.64485178 0.39461823]
[0.33063241 0.21126126],[0.76180807 0.24248198],[0.64465639 0.39442105]
[0.33043666 0.21108166],[0.76193142 0.24230154],[0.64446    0.39422289]
[0.33023994 0.21090121],[0.7620554  0.24212024],[0.64426264 0.39402373]
[0.33004224 0.21071992],[0.76218002 0.24193808],[0.64406428 0.39382357]
[0.32984357 0.21053777],[0.76230526 0.24175505],[0.64386494 0.39362241]
[0.32964392 0.21035478],[0.76243113 0.24157117],[0.64366461 0.39342026]
[0.32944329 0.21017095],[0.76255763 0.24138643],[0.6434633  0.39321711]
[0.32924169 0.20998627],[0.76268476 0.24120083],[0.643261   0.39301297]
[0.32903911 0.20980075],[0.76281251 0.24101437],[0.64305771 0.39280783]
[0.32883555 0.20961438],[0.76294089 0.24082705],[0.64285344 0.39260169]
[0.32863102 0.20942718],[0.76306989 0.24063888],[0.64264818 0.39239456]
[0.32842551 0.20923913],[0.76319952 0.24044986],[0.64244194 0.39218643]
[0.32821903 0.20905025],[0.76332977 0.24025998],[0.64223471 0.39197731]
[0.32801157 0.20886053],[0.76346064 0.24006926],[0.6420265  0.39176719]
[0.32780314 0.20866997],[0.76359213 0.23987768],[0.64181729 0.39155608]
[0.32759373 0.20847858],[0.76372424 0.23968525],[0.64160711 0.39134397]
[0.32738335 0.20828636],[0.76385697 0.23949197],[0.64139593 0.39113086]
[0.32717199 0.2080933 ],[0.76399032 0.23929784],[0.64118378 0.39091676]
[0.32695967 0.20789941],[0.76412428 0.23910287],[0.64097063 0.39070166]
[0.32674636 0.2077047 ],[0.76425886 0.23890706],[0.6407565  0.39048557]
[0.32653209 0.20750915],[0.76439405 0.23871039],[0.64054139 0.39026848]
[0.32631684 0.20731277],[0.76452986 0.23851289],[0.64032529 0.3900504 ]
[0.32610062 0.20711557],[0.76466627 0.23831454],[0.6401082  0.38983132]
[0.32588342 0.20691755],[0.7648033  0.23811536],[0.63989013 0.38961124]
[0.32566526 0.2067187 ],[0.76494094 0.23791533],[0.63967108 0.38939017]
[0.32544612 0.20651903],[0.76507919 0.23771446],[0.63945104 0.38916811]
[0.32522601 0.20631853],[0.76521805 0.23751276],[0.63923001 0.38894505]
[0.32500493 0.20611722],[0.76535751 0.23731022],[0.639008   0.38872099]
[0.32478287 0.20591509],[0.76549758 0.23710685],[0.638785   0.38849594]
[0.32455985 0.20571214],[0.76563825 0.23690264],[0.63856102 0.38826989]
[0.32433586 0.20550837],[0.76577953 0.2366976 ],[0.63833606 0.38804285]
[0.32411089 0.2053038 ],[0.76592141 0.23649173],[0.63811011 0.38781482]
[0.32388496 0.2050984 ],[0.76606388 0.23628503],[0.63788317 0.38758579]
[0.32365805 0.2048922 ],[0.76620696 0.2360775 ],[0.63765525 0.38735576]
[0.32343018 0.20468519],[0.76635064 0.23586914],[0.63742635 0.38712474]
[0.32320133 0.20447737],[0.76649492 0.23565996],[0.63719646 0.38689273]
[0.32297152 0.20426874],[0.76663979 0.23544995],[0.63696558 0.38665972]
[0.32274074 0.2040593 ],[0.76678526 0.23523912],[0.63673373 0.38642572]
[0.32250899 0.20384906],[0.76693132 0.23502747],[0.63650088 0.38619072]
[0.32227627 0.20363802],[0.76707798 0.234815  ],[0.63626706 0.38595473]
[0.32204259 0.20342618],[0.76722522 0.2346017 ],[0.63603225 0.38571774]
[0.32180794 0.20321354],[0.76737306 0.23438759],[0.63579645 0.38547976]
[0.32157232 0.2030001 ],[0.76752149 0.23417267],[0.63555967 0.38524079]
[0.32133573 0.20278586],[0.76767051 0.23395693],[0.63532191 0.38500082]
[0.32109818 0.20257083],[0.76782011 0.23374037],[0.63508316 0.38475985]
[0.32085966 0.202355  ],[0.7679703  0.23352301],[0.63484343 0.3845179 ]
[0.32062018 0.20213839],[0.76812107 0.23330483],[0.63460272 0.38427494]
[0.32037973 0.20192098],[0.76827243 0.23308584],[0.63436102 0.384031  ]
[0.32013831 0.20170279],[0.76842436 0.23286605],[0.63411834 0.38378606]
[0.31989593 0.20148381],[0.76857688 0.23264545],[0.63387468 0.38354013]
[0.31965259 0.20126404],[0.76872998 0.23242405],[0.63363003 0.3832932 ]
[0.31940828 0.20104349],[0.76888366 0.23220184],[0.6333844  0.38304528]
[0.31916301 0.20082217],[0.76903791 0.23197883],[0.63313778 0.38279637]
[0.31891678 0.20060006],[0.76919274 0.23175503],[0.63289018 0.38254646]
[0.31866958 0.20037717],[0.76934815 0.23153042],[0.6326416  0.38229556]
[0.31842142 0.20015351],[0.76950413 0.23130502],[0.63239203 0.38204367]
[0.3181723  0.19992907],[0.76966067 0.23107882],[0.63214149 0.38179078]
[0.31792221 0.19970386],[0.76981779 0.23085183],[0.63188996 0.3815369 ]
[0.31767117 0.19947788],[0.76997548 0.23062405],[0.63163744 0.38128203]
[0.31741916 0.19925113],[0.77013374 0.23039548],[0.63138395 0.38102616]
[0.3171662  0.19902362],[0.77029256 0.23016612],[0.63112947 0.3807693 ]
[0.31691227 0.19879534],[0.77045195 0.22993598],[0.630874   0.38051145]
[0.31665739 0.19856629],[0.7706119  0.22970505],[0.63061756 0.38025261]
[0.31640154 0.19833649],[0.77077242 0.22947334],[0.63036013 0.37999277]
[0.31614474 0.19810593],[0.7709335  0.22924085],[0.63010172 0.37973194]
[0.31588698 0.19787461],[0.77109513 0.22900758],[0.62984233 0.37947012]
[0.31562826 0.19764253],[0.77125733 0.22877353],[0.62958196 0.3792073 ]
[0.31536858 0.19740971],[0.77142008 0.2285387 ],[0.6293206 0.3789435]
[0.31510795 0.19717613],[0.77158338 0.2283031 ],[0.62905826 0.3786787 ]
[0.31484636 0.1969418 ],[0.77174724 0.22806674],[0.62879494 0.37841291]
[0.31458381 0.19670673],[0.77191166 0.2278296 ],[0.62853064 0.37814612]
[0.31432031 0.19647091],[0.77207662 0.22759169],[0.62826536 0.37787835]
[0.31405585 0.19623435],[0.77224213 0.22735302],[0.62799909 0.37760958]
[0.31379044 0.19599705],[0.7724082  0.22711358],[0.62773185 0.37733982]
[0.31352408 0.19575901],[0.77257481 0.22687338],[0.62746362 0.37706907]
[0.31325676 0.19552023],[0.77274196 0.22663242],[0.62719441 0.37679733]
[0.31298848 0.19528072],[0.77290966 0.22639071],[0.62692422 0.3765246 ]
[0.31271926 0.19504048],[0.7730779  0.22614824],[0.62665304 0.37625087]
[0.31244908 0.19479952],[0.77324668 0.22590501],[0.62638089 0.37597616]
[0.31217795 0.19455782],[0.773416   0.22566103],[0.62610775 0.37570045]
[0.31190587 0.1943154 ],[0.77358586 0.22541631],[0.62583364 0.37542375]
[0.31163284 0.19407226],[0.77375625 0.22517083],[0.62555854 0.37514606]
[0.31135886 0.1938284 ],[0.77392718 0.22492461],[0.62528246 0.37486738]
[0.31108393 0.19358382],[0.77409864 0.22467765],[0.6250054  0.37458771]
[0.31080806 0.19333852],[0.77427064 0.22442995],[0.62472737 0.37430705]
[0.31053123 0.19309252],[0.77444316 0.22418151],[0.62444835 0.3740254 ]
[0.31025346 0.1928458 ],[0.77461621 0.22393233],[0.62416835 0.37374276]
[0.30997473 0.19259837],[0.77478979 0.22368242],[0.62388736 0.37345913]
[0.30969507 0.19235025],[0.77496389 0.22343178],[0.6236054 0.3731745]
[0.30941445 0.19210141],[0.77513852 0.2231804 ],[0.62332246 0.37288889]
[0.30913289 0.19185188],[0.77531367 0.2229283 ],[0.62303854 0.37260229]
[0.30885039 0.19160165],[0.77548934 0.22267548],[0.62275364 0.3723147 ]
[0.30856694 0.19135073],[0.77566553 0.22242193],[0.62246776 0.37202612]
[0.30828255 0.19109912],[0.77584223 0.22216766],[0.6221809  0.37173655]
[0.30799722 0.19084681],[0.77601945 0.22191268],[0.62189306 0.37144599]
[0.30771095 0.19059382],[0.77619719 0.22165698],[0.62160424 0.37115444]
[0.30742373 0.19034015],[0.77637543 0.22140057],[0.62131444 0.3708619 ]
[0.30713557 0.19008579],[0.77655419 0.22114345],[0.62102366 0.37056837]
[0.30684648 0.18983076],[0.77673346 0.22088562],[0.62073191 0.37027386]
[0.30655644 0.18957505],[0.77691323 0.22062708],[0.62043917 0.36997835]
[0.30626547 0.18931866],[0.77709351 0.22036785],[0.62014545 0.36968186]
[0.30597355 0.18906161],[0.77727429 0.22010791],[0.61985076 0.36938437]
[0.3056807  0.18880389],[0.77745557 0.21984728],[0.61955509 0.3690859 ]
[0.30538692 0.18854551],[0.77763736 0.21958595],[0.61925843 0.36878645]
[0.3050922  0.18828646],[0.77781964 0.21932393],[0.6189608 0.368486 ]
[0.30479654 0.18802676],[0.77800242 0.21906122],[0.61866219 0.36818456]
[0.30449995 0.1877664 ],[0.77818569 0.21879783],[0.61836261 0.36788214]
[0.30420243 0.1875054 ],[0.77836946 0.21853375],[0.61806204 0.36757873]
[0.30390398 0.18724374],[0.77855371 0.21826899],[0.6177605  0.36727434]
[0.30360459 0.18698143],[0.77873846 0.21800356],[0.61745797 0.36696895]
[0.30330428 0.18671849],[0.7789237  0.21773745],[0.61715447 0.36666258]
[0.30300304 0.1864549 ],[0.77910942 0.21747066],[0.61685    0.36635522]
[0.30270087 0.18619068],[0.77929563 0.21720321],[0.61654454 0.36604688]
[0.30239777 0.18592582],[0.77948231 0.21693509],[0.61623811 0.36573755]
[0.30209374 0.18566034],[0.77966948 0.21666631],[0.6159307  0.36542723]
[0.30178879 0.18539422],[0.77985713 0.21639687],[0.61562231 0.36511593]
[0.30148292 0.18512749],[0.78004526 0.21612677],[0.61531295 0.36480364]
[0.30117613 0.18486013],[0.78023386 0.21585602],[0.61500261 0.36449036]
[0.30086841 0.18459216],[0.78042293 0.21558461],[0.61469129 0.3641761 ]
[0.30055977 0.18432357],[0.78061247 0.21531256],[0.614379   0.36386085]
[0.30025022 0.18405438],[0.78080249 0.21503986],[0.61406572 0.36354462]
[0.29993974 0.18378458],[0.78099297 0.21476652],[0.61375148 0.3632274 ]
[0.29962835 0.18351417],[0.78118392 0.21449255],[0.61343625 0.3629092 ]
[0.29931604 0.18324317],[0.78137533 0.21421794],[0.61312005 0.36259002]
[0.29900282 0.18297157],[0.7815672  0.21394269],[0.61280288 0.36226985]
[0.29868868 0.18269937],[0.78175953 0.21366682],[0.61248473 0.36194869]
[0.29837364 0.18242659],[0.78195232 0.21339032],[0.6121656  0.36162655]
[0.29805768 0.18215323],[0.78214557 0.2131132 ],[0.6118455  0.36130343]
[0.29774081 0.18187928],[0.78233927 0.21283546],[0.61152442 0.36097932]
[0.29742304 0.18160475],[0.78253343 0.21255711],[0.61120236 0.36065423]
[0.29710436 0.18132966],[0.78272803 0.21227814],[0.61087934 0.36032816]
[0.29678477 0.18105399],[0.78292308 0.21199857],[0.61055533 0.36000111]
[0.29646428 0.18077775],[0.78311858 0.21171839],[0.61023035 0.35967307]
[0.29614288 0.18050095],[0.78331453 0.21143761],[0.6099044  0.35934405]
[0.29582059 0.1802236 ],[0.78351091 0.21115623],[0.60957747 0.35901404]
[0.29549739 0.17994569],[0.78370774 0.21087426],[0.60924957 0.35868306]
[0.2951733  0.17966722],[0.783905  0.2105917],[0.6089207  0.35835109]
[0.29484831 0.17938822],[0.7841027  0.21030855],[0.60859085 0.35801815]
[0.29452243 0.17910866],[0.78430084 0.21002481],[0.60826002 0.35768422]
[0.29419565 0.17882857],[0.7844994 0.2097405],[0.60792823 0.35734931]
[0.29386798 0.17854795],[0.7846984  0.20945562],[0.60759546 0.35701342]
[0.29353942 0.17826679],[0.78489782 0.20917016],[0.60726171 0.35667655]
[0.29320997 0.17798511],[0.78509767 0.20888413],[0.606927  0.3563387]
[0.29287963 0.17770291],[0.78529795 0.20859754],[0.60659131 0.35599987]
[0.29254841 0.17742019],[0.78549864 0.20831039],[0.60625465 0.35566006]
[0.2922163  0.17713695],[0.78569976 0.20802268],[0.60591701 0.35531927]
[0.29188331 0.1768532 ],[0.78590129 0.20773442],[0.6055784 0.3549775]
[0.29154944 0.17656895],[0.78610324 0.20744561],[0.60523883 0.35463475]
[0.29121469 0.1762842 ],[0.7863056  0.20715625],[0.60489827 0.35429103]
[0.29087907 0.17599895],[0.78650838 0.20686636],[0.60455675 0.35394632]
[0.29054257 0.17571321],[0.78671156 0.20657593],[0.60421426 0.35360064]
[0.2902052  0.17542698],[0.78691515 0.20628497],[0.60387079 0.35325399]
[0.28986695 0.17514027],[0.78711914 0.20599348],[0.60352635 0.35290635]
[0.28952784 0.17485308],[0.78732354 0.20570147],[0.60318094 0.35255774]
[0.28918786 0.17456542],[0.78752833 0.20540893],[0.60283457 0.35220815]
[0.28884701 0.17427728],[0.78773353 0.20511588],[0.60248722 0.35185759]
[0.2885053  0.17398868],[0.78793912 0.20482232],[0.6021389  0.35150605]
[0.28816273 0.17369962],[0.7881451  0.20452826],[0.6017896  0.35115353]
[0.2878193 0.1734101],[0.78835148 0.20423369],[0.60143934 0.35080004]
[0.28747502 0.17312013],[0.78855824 0.20393862],[0.60108811 0.35044557]
[0.28712987 0.17282972],[0.78876539 0.20364306],[0.60073591 0.35009014]
[0.28678388 0.17253886],[0.78897293 0.20334701],[0.60038274 0.34973372]
[0.28643703 0.17224757],[0.78918085 0.20305047],[0.6000286  0.34937634]
[0.28608934 0.17195584],[0.78938914 0.20275345],[0.5996735  0.34901798]
[0.2857408  0.17166369],[0.78959782 0.20245596],[0.59931742 0.34865864]
[0.28539141 0.17137111],[0.78980687 0.202158  ],[0.59896037 0.34829834]
[0.28504119 0.17107812],[0.7900163  0.20185957],[0.59860236 0.34793706]
[0.28469012 0.17078471],[0.7902261  0.20156068],[0.59824338 0.34757481]
[0.28433822 0.1704909 ],[0.79043626 0.20126133],[0.59788343 0.34721159]
[0.28398549 0.17019668],[0.7906468  0.20096153],[0.59752251 0.3468474 ]
[0.28363192 0.16990207],[0.79085769 0.20066128],[0.59716062 0.34648224]
[0.28327752 0.16960706],[0.79106895 0.20036059],[0.59679777 0.34611611]
[0.2829223  0.16931167],[0.79128057 0.20005946],[0.59643395 0.34574901]
[0.28256625 0.16901589],[0.79149254 0.19975789],[0.59606916 0.34538094]
[0.28220938 0.16871974],[0.79170487 0.1994559 ],[0.59570341 0.3450119 ]
[0.28185169 0.16842321],[0.79191756 0.19915349],[0.59533669 0.34464189]
[0.28149318 0.16812632],[0.79213059 0.19885065],[0.59496901 0.34427092]
[0.28113386 0.16782906],[0.79234397 0.1985474 ],[0.59460035 0.34389898]
[0.28077373 0.16753145],[0.7925577  0.19824374],[0.59423074 0.34352607]
[0.2804128  0.16723349],[0.79277176 0.19793968],[0.59386015 0.34315219]
[0.28005106 0.16693518],[0.79298617 0.19763522],[0.59348861 0.34277735]
[0.27968851 0.16663654],[0.79320092 0.19733037],[0.59311609 0.34240155]
[0.27932517 0.16633755],[0.793416   0.19702513],[0.59274262 0.34202478]
[0.27896103 0.16603824],[0.79363142 0.1967195 ],[0.59236818 0.34164705]
[0.2785961 0.1657386],[0.79384717 0.1964135 ],[0.59199277 0.34126835]
[0.27823038 0.16543865],[0.79406324 0.19610712],[0.5916164  0.34088869]
[0.27786387 0.16513838],[0.79427965 0.19580038],[0.59123907 0.34050807]
[0.27749658 0.1648378 ],[0.79449637 0.19549327],[0.59086078 0.34012649]
[0.2771285  0.16453692],[0.79471342 0.1951858 ],[0.59048152 0.33974395]
[0.27675965 0.16423574],[0.79493078 0.19487799],[0.5901013  0.33936044]
[0.27639003 0.16393427],[0.79514847 0.19456982],[0.58972012 0.33897598]
[0.27601964 0.16363252],[0.79536646 0.19426132],[0.58933798 0.33859056]
[0.27564848 0.16333048],[0.79558477 0.19395248],[0.58895488 0.33820418]
[0.27527655 0.16302817],[0.79580338 0.19364331],[0.58857081 0.33781684]
[0.27490387 0.16272559],[0.7960223  0.19333381],[0.58818579 0.33742854]
[0.27453043 0.16242275],[0.79624153 0.193024  ],[0.5877998  0.33703929]
[0.27415624 0.16211964],[0.79646106 0.19271387],[0.58741285 0.33664909]
[0.27378129 0.16181629],[0.79668088 0.19240343],[0.58702495 0.33625792]
[0.2734056  0.16151269],[0.796901   0.19209269],[0.58663609 0.33586581]
[0.27302917 0.16120885],[0.79712142 0.19178165],[0.58624626 0.33547274]
[0.272652   0.16090477],[0.79734212 0.19147032],[0.58585548 0.33507872]
[0.2722741  0.16060046],[0.79756312 0.19115871],[0.58546374 0.33468374]
[0.27189547 0.16029593],[0.7977844  0.19084681],[0.58507105 0.33428782]
[0.27151611 0.15999119],[0.79800596 0.19053464],[0.58467739 0.33389095]
[0.27113602 0.15968623],[0.79822781 0.19022221],[0.58428278 0.33349312]
[0.27075522 0.15938106],[0.79844993 0.1899095 ],[0.58388721 0.33309435]
[0.27037371 0.1590757 ],[0.79867233 0.18959654],[0.58349069 0.33269463]
[0.26999148 0.15877014],[0.798895   0.18928333],[0.58309321 0.33229396]
[0.26960855 0.15846439],[0.79911794 0.18896988],[0.58269478 0.33189235]
[0.26922492 0.15815846],[0.79934115 0.18865618],[0.58229539 0.33148979]
[0.26884059 0.15785235],[0.79956462 0.18834225],[0.58189504 0.33108629]
[0.26845557 0.15754607],[0.79978836 0.18802809],[0.58149374 0.33068184]
[0.26806986 0.15723963],[0.80001236 0.18771371],[0.58109149 0.33027645]
[0.26768346 0.15693303],[0.80023661 0.18739912],[0.58068829 0.32987013]
[0.26729639 0.15662627],[0.80046112 0.18708431],[0.58028413 0.32946286]
[0.26690864 0.15631937],[0.80068588 0.1867693 ],[0.57987902 0.32905465]
[0.26652022 0.15601233],[0.80091089 0.18645409],[0.57947296 0.3286455 ]
[0.26613113 0.15570516],[0.80113615 0.18613868],[0.57906594 0.32823542]
[0.26574139 0.15539785],[0.80136165 0.18582309],[0.57865798 0.3278244 ]
[0.26535099 0.15509042],[0.80158739 0.18550733],[0.57824906 0.32741244]
[0.26495993 0.15478288],[0.80181337 0.18519138],[0.5778392  0.32699955]
[0.26456823 0.15447522],[0.80203958 0.18487527],[0.57742838 0.32658573]
[0.26417589 0.15416747],[0.80226603 0.18455899],[0.57701662 0.32617098]
[0.26378292 0.15385961],[0.80249271 0.18424256],[0.57660391 0.3257553 ]
[0.26338931 0.15355166],[0.80271961 0.18392598],[0.57619024 0.32533868]
[0.26299507 0.15324363],[0.80294674 0.18360926],[0.57577564 0.32492114]
[0.26260022 0.15293551],[0.8031741 0.1832924],[0.57536008 0.32450267]
[0.26220475 0.15262732],[0.80340167 0.1829754 ],[0.57494358 0.32408328]
[0.26180867 0.15231906],[0.80362946 0.18265828],[0.57452613 0.32366296]
[0.26141199 0.15201075],[0.80385746 0.18234105],[0.57410774 0.32324172]
[0.2610147  0.15170237],[0.80408567 0.18202369],[0.5736884  0.32281956]
[0.26061683 0.15139395],[0.80431409 0.18170624],[0.57326812 0.32239648]
[0.26021836 0.15108548],[0.80454272 0.18138868],[0.57284689 0.32197248]
[0.25981932 0.15077697],[0.80477155 0.18107102],[0.57242472 0.32154756]
[0.2594197  0.15046843],[0.80500058 0.18075328],[0.57200161 0.32112173]
[0.2590195  0.15015987],[0.8052298  0.18043546],[0.57157756 0.32069498]
[0.25861875 0.14985128],[0.80545923 0.18011756],[0.57115256 0.32026732]
[0.25821744 0.14954268],[0.80568884 0.17979959],[0.57072663 0.31983875]
[0.25781557 0.14923407],[0.80591864 0.17948156],[0.57029975 0.31940927]
[0.25741316 0.14892546],[0.80614863 0.17916347],[0.56987194 0.31897888]
[0.25701021 0.14861686],[0.8063788  0.17884533],[0.56944319 0.31854759]
[0.25660672 0.14830826],[0.80660915 0.17852715],[0.5690135 0.3181154]
[0.25620271 0.14799968],[0.80683968 0.17820893],[0.56858287 0.3176823 ]
[0.25579818 0.14769112],[0.80707038 0.17789068],[0.56815131 0.3172483 ]
[0.25539313 0.14738258],[0.80730125 0.1775724 ],[0.56771881 0.3168134 ]
[0.25498758 0.14707408],[0.8075323 0.1772541],[0.56728538 0.31637761]
[0.25458152 0.14676562],[0.80776351 0.17693579],[0.56685102 0.31594093]
[0.25417498 0.14645721],[0.80799488 0.17661747],[0.56641572 0.31550335]
[0.25376794 0.14614884],[0.80822642 0.17629915],[0.56597949 0.31506488]
[0.25336042 0.14584053],[0.80845811 0.17598084],[0.56554233 0.31462552]
[0.25295243 0.14553229],[0.80868996 0.17566254],[0.56510424 0.31418528]
[0.25254397 0.14522411],[0.80892196 0.17534426],[0.56466522 0.31374416]
[0.25213505 0.14491601],[0.80915411 0.175026  ],[0.56422527 0.31330215]
[0.25172567 0.14460798],[0.8093864  0.17470778],[0.5637844  0.31285927]
[0.25131585 0.14430005],[0.80961884 0.17438959],[0.5633426  0.31241551]
[0.25090559 0.14399221],[0.80985142 0.17407145],[0.56289988 0.31197087]
[0.2504949  0.14368446],[0.81008414 0.17375335],[0.56245623 0.31152537]
[0.25008379 0.14337682],[0.81031699 0.17343531],[0.56201166 0.31107899]
[0.24967225 0.14306929],[0.81054998 0.17311734],[0.56156616 0.31063175]
[0.24926031 0.14276187],[0.81078309 0.17279943],[0.56111975 0.31018365]
[0.24884796 0.14245458],[0.81101633 0.1724816 ],[0.56067242 0.30973469]
[0.24843521 0.14214741],[0.8112497  0.17216385],[0.56022417 0.30928487]
[0.24802208 0.14184037],[0.81148318 0.17184618],[0.559775  0.3088342]
[0.24760857 0.14153348],[0.81171679 0.17152861],[0.55932492 0.30838267]
[0.24719468 0.14122673],[0.8119505  0.17121114],[0.55887392 0.3079303 ]
[0.24678043 0.14092013],[0.81218433 0.17089378],[0.55842201 0.30747708]
[0.24636582 0.14061368],[0.81241827 0.17057652],[0.55796919 0.30702302]
[0.24595086 0.1403074 ],[0.81265232 0.17025939],[0.55751545 0.30656812]
[0.24553555 0.14000128],[0.81288647 0.16994238],[0.55706081 0.30611239]
[0.24511991 0.13969534],[0.81312072 0.1696255 ],[0.55660526 0.30565582]
[0.24470395 0.13938958],[0.81335507 0.16930876],[0.55614881 0.30519843]
[0.24428766 0.139084  ],[0.81358951 0.16899216],[0.55569145 0.30474021]
[0.24387106 0.13877861],[0.81382404 0.1686757 ],[0.55523318 0.30428117]
[0.24345416 0.13847342],[0.81405867 0.16835941],[0.55477402 0.30382131]
[0.24303697 0.13816843],[0.81429338 0.16804327],[0.55431395 0.30336064]
[0.24261948 0.13786365],[0.81452817 0.16772731],[0.55385299 0.30289916]
[0.24220172 0.13755908],[0.81476304 0.16741151],[0.55339112 0.30243687]
[0.24178369 0.13725472],[0.81499799 0.1670959 ],[0.55292836 0.30197378]
[0.24136539 0.1369506 ],[0.81523302 0.16678046],[0.55246471 0.30150989]
[0.24094684 0.1366467 ],[0.81546812 0.16646523],[0.55200016 0.30104521]
[0.24052804 0.13634303],[0.81570328 0.16615018],[0.55153473 0.30057974]
[0.240109   0.13603961],[0.81593851 0.16583535],[0.5510684  0.30011349]
[0.23968973 0.13573643],[0.81617381 0.16552072],[0.55060119 0.29964645]
[0.23927024 0.13543351],[0.81640917 0.1652063 ],[0.55013308 0.29917864]
[0.23885054 0.13513084],[0.81664458 0.16489211],[0.5496641  0.29871005]
[0.23843063 0.13482843],[0.81688005 0.16457814],[0.54919423 0.2982407 ]
[0.23801052 0.13452629],[0.81711557 0.16426441],[0.54872348 0.29777058]
[0.23759022 0.13422442],[0.81735113 0.16395091],[0.54825185 0.29729971]
[0.23716975 0.13392283],[0.81758675 0.16363766],[0.54777935 0.29682809]
[0.2367491  0.13362153],[0.81782241 0.16332466],[0.54730597 0.29635571]
[0.23632829 0.13332051],[0.8180581  0.16301192],[0.54683171 0.2958826 ]
[0.23590732 0.13301979],[0.81829384 0.16269944],[0.54635658 0.29540874]
[0.23548621 0.13271937],[0.81852961 0.16238722],[0.54588059 0.29493416]
[0.23506496 0.13241925],[0.81876541 0.16207528],[0.54540372 0.29445885]
[0.23464357 0.13211944],[0.81900124 0.16176361],[0.544926   0.29398282]
[0.23422207 0.13181995],[0.81923709 0.16145224],[0.5444474  0.29350607]
[0.23380046 0.13152077],[0.81947297 0.16114115],[0.54396795 0.29302861]
[0.23337874 0.13122192],[0.81970887 0.16083035],[0.54348763 0.29255045]
[0.23295692 0.1309234 ],[0.81994478 0.16051986],[0.54300646 0.29207159]
[0.23253502 0.13062522],[0.82018071 0.16020968],[0.54252444 0.29159204]
[0.23211304 0.13032738],[0.82041665 0.1598998 ],[0.54204156 0.29111181]
[0.23169098 0.13002988],[0.8206526  0.15959025],[0.54155783 0.29063089]
[0.23126887 0.12973274],[0.82088855 0.15928102],[0.54107325 0.2901493 ]
[0.23084671 0.12943594],[0.82112451 0.15897211],[0.54058782 0.28966704]
[0.2304245  0.12913951],[0.82136047 0.15866354],[0.54010155 0.28918413]
[0.23000225 0.12884345],[0.82159643 0.15835531],[0.53961444 0.28870056]
[0.22957998 0.12854775],[0.82183237 0.15804743],[0.53912649 0.28821634]
[0.22915768 0.12825243],[0.82206832 0.1577399 ],[0.53863771 0.28773148]
[0.22873538 0.12795749],[0.82230425 0.15743272],[0.53814808 0.28724599]
[0.22831308 0.12766293],[0.82254016 0.1571259 ],[0.53765763 0.28675988]
[0.22789078 0.12736877],[0.82277606 0.15681945],[0.53716635 0.28627314]
[0.2274685  0.12707499],[0.82301194 0.15651337],[0.53667424 0.2857858 ]
[0.22704624 0.12678162],[0.82324779 0.15620767],[0.53618131 0.28529785]
[0.22662401 0.12648865],[0.82348362 0.15590235],[0.53568756 0.2848093 ]
[0.22620183 0.12619609],[0.82371943 0.15559741],[0.53519298 0.28432017]
[0.22577969 0.12590394],[0.8239552  0.15529287],[0.5346976  0.28383046]
[0.22535762 0.1256122 ],[0.82419093 0.15498872],[0.53420139 0.28334017]
[0.22493561 0.12532089],[0.82442663 0.15468498],[0.53370438 0.28284932]
[0.22451367 0.12503001],[0.82466229 0.15438164],[0.53320656 0.28235791]
[0.22409182 0.12473956],[0.82489791 0.15407872],[0.53270794 0.28186596]
[0.22367005 0.12444954],[0.82513348 0.15377621],[0.53220852 0.28137346]
[0.22324839 0.12415996],[0.82536901 0.15347412],[0.53170829 0.28088044]
[0.22282684 0.12387083],[0.82560448 0.15317247],[0.53120727 0.28038689]
[0.2224054  0.12358215],[0.8258399  0.15287124],[0.53070546 0.27989283]
[0.22198408 0.12329392],[0.82607527 0.15257045],[0.53020286 0.27939827]
[0.2215629  0.12300614],[0.82631057 0.1522701 ],[0.52969947 0.27890321]
[0.22114186 0.12271883],[0.82654581 0.15197019],[0.5291953  0.27840766]
[0.22072097 0.12243199],[0.82678099 0.15167074],[0.52869035 0.27791164]
[0.22030023 0.12214561],[0.8270161  0.15137174],[0.52818463 0.27741514]
[0.21987966 0.12185971],[0.82725114 0.15107321],[0.52767813 0.27691819]
[0.21945926 0.12157429],[0.82748611 0.15077513],[0.52717086 0.27642079]
[0.21903905 0.12128936],[0.827721   0.15047753],[0.52666282 0.27592296]
[0.21861902 0.12100491],[0.82795582 0.1501804 ],[0.52615403 0.27542469]
[0.21819919 0.12072095],[0.82819055 0.14988375],[0.52564447 0.274926  ]
[0.21777957 0.12043749],[0.8284252  0.14958758],[0.52513415 0.27442691]
[0.21736016 0.12015452],[0.82865976 0.1492919 ],[0.52462309 0.27392742]
[0.21694097 0.11987206],[0.82889423 0.14899671],[0.52411127 0.27342753]
[0.216522   0.11959011],[0.82912861 0.14870202],[0.52359871 0.27292727]
[0.21610328 0.11930867],[0.8293629  0.14840783],[0.52308541 0.27242664]
[0.2156848  0.11902774],[0.82959708 0.14811414],[0.52257138 0.27192565]
[0.21526657 0.11874734],[0.82983117 0.14782096],[0.52205661 0.27142431]
[0.2148486  0.11846746],[0.83006516 0.14752829],[0.52154112 0.27092263]
[0.2144309 0.1181881],[0.83029904 0.14723615],[0.5210249  0.27042061]
[0.21401347 0.11790928],[0.83053281 0.14694452],[0.52050796 0.26991828]
[0.21359633 0.11763099],[0.83076646 0.14665342],[0.51999031 0.26941563]
[0.21317947 0.11735324],[0.83100001 0.14636285],[0.51947196 0.26891268]
[0.21276291 0.11707603],[0.83123344 0.14607282],[0.51895289 0.26840944]
[0.21234666 0.11679936],[0.83146675 0.14578332],[0.51843313 0.26790592]
[0.21193071 0.11652325],[0.83169994 0.14549437],[0.51791268 0.26740212]
[0.21151509 0.11624769],[0.831933   0.14520596],[0.51739154 0.26689806]
[0.21109979 0.11597269],[0.83216594 0.1449181 ],[0.51686971 0.26639374]
[0.21068483 0.11569825],[0.83239875 0.1446308 ],[0.51634721 0.26588918]
[0.2102702  0.11542437],[0.83263142 0.14434405],[0.51582404 0.26538439]
[0.20985592 0.11515106],[0.83286396 0.14405787],[0.51530019 0.26487938]
[0.209442   0.11487832],[0.83309637 0.14377225],[0.51477569 0.26437415]
[0.20902844 0.11460616],[0.83332863 0.14348721],[0.51425053 0.26386871]
[0.20861524 0.11433457],[0.83356075 0.14320273],[0.51372472 0.26336309]
[0.20820243 0.11406357],[0.83379272 0.14291884],[0.51319826 0.26285728]
[0.20778999 0.11379315],[0.83402455 0.14263552],[0.51267117 0.2623513 ]
[0.20737794 0.11352332],[0.83425623 0.14235279],[0.51214344 0.26184516]
[0.20696629 0.11325408],[0.83448775 0.14207065],[0.51161508 0.26133887]
[0.20655504 0.11298544],[0.83471912 0.1417891 ],[0.51108611 0.26083244]
[0.2061442  0.11271739],[0.83495033 0.14150815],[0.51055651 0.26032587]
[0.20573377 0.11244995],[0.83518137 0.14122779],[0.51002631 0.25981919]
[0.20532376 0.11218311],[0.83541226 0.14094804],[0.50949551 0.2593124 ]
[0.20491418 0.11191688],[0.83564298 0.1406689 ],[0.50896411 0.25880551]
[0.20450504 0.11165126],[0.83587353 0.14039036],[0.50843211 0.25829853]
[0.20409633 0.11138625],[0.83610391 0.14011244],[0.50789954 0.25779148]
[0.20368808 0.11112186],[0.83633411 0.13983513],[0.50736639 0.25728436]
[0.20328027 0.1108581 ],[0.83656414 0.13955844],[0.50683266 0.25677718]
[0.20287293 0.11059495],[0.836794   0.13928238],[0.50629837 0.25626996]
[0.20246605 0.11033244],[0.83702367 0.13900694],[0.50576353 0.2557627 ]
[0.20205964 0.11007055],[0.83725315 0.13873214],[0.50522813 0.25525542]
[0.20165371 0.1098093 ],[0.83748245 0.13845796],[0.50469219 0.25474813]
[0.20124826 0.10954868],[0.83771157 0.13818442],[0.50415572 0.25424083]
[0.2008433 0.1092887],[0.83794049 0.13791153],[0.50361871 0.25373355]
[0.20043883 0.10902936],[0.83816921 0.13763927],[0.50308118 0.25322628]
[0.20003487 0.10877067],[0.83839775 0.13736766],[0.50254313 0.25271904]
[0.19963141 0.10851262],[0.83862608 0.1370967 ],[0.50200458 0.25221185]
[0.19922846 0.10825522],[0.83885421 0.13682639],[0.50146553 0.2517047 ]
[0.19882603 0.10799848],[0.83908214 0.13655674],[0.50092598 0.25119762]
[0.19842413 0.10774239],[0.83930986 0.13628774],[0.50038594 0.25069061]
[0.19802275 0.10748696],[0.83953738 0.13601941],[0.49984543 0.25018369]
[0.1976219 0.1072322],[0.83976469 0.13575174],[0.49930445 0.24967685]
[0.1972216  0.10697809],[0.83999178 0.13548474],[0.498763   0.24917013]
[0.19682183 0.10672465],[0.84021865 0.1352184 ],[0.49822109 0.24866352]
[0.19642262 0.10647189],[0.84044531 0.13495274],[0.49767874 0.24815703]
[0.19602396 0.10621979],[0.84067175 0.13468776],[0.49713595 0.24765068]
[0.19562587 0.10596837],[0.84089797 0.13442345],[0.49659272 0.24714448]
[0.19522833 0.10571763],[0.84112396 0.13415983],[0.49604907 0.24663843]
[0.19483137 0.10546756],[0.84134972 0.13389689],[0.49550501 0.24613256]
[0.19443498 0.10521818],[0.84157526 0.13363464],[0.49496053 0.24562686]
[0.19403917 0.10496948],[0.84180056 0.13337307],[0.49441566 0.24512135]
[0.19364395 0.10472148],[0.84202562 0.1331122 ],[0.49387039 0.24461604]
[0.19324931 0.10447416],[0.84225045 0.13285202],[0.49332474 0.24411094]
[0.19285527 0.10422753],[0.84247504 0.13259254],[0.49277871 0.24360606]
[0.19246183 0.1039816 ],[0.84269939 0.13233377],[0.49223232 0.24310141]
[0.19206899 0.10373636],[0.84292349 0.13207569],[0.49168557 0.24259699]
[0.19167676 0.10349182],[0.84314735 0.13181832],[0.49113847 0.24209283]
[0.19128514 0.10324799],[0.84337095 0.13156166],[0.49059103 0.24158893]
[0.19089414 0.10300486],[0.84359431 0.1313057 ],[0.49004325 0.2410853 ]
[0.19050376 0.10276244],[0.84381741 0.13105046],[0.48949515 0.24058194]
[0.19011401 0.10252072],[0.84404025 0.13079594],[0.48894673 0.24007888]
[0.18972489 0.10227972],[0.84426284 0.13054213],[0.48839801 0.23957611]
[0.1893364  0.10203943],[0.84448516 0.13028905],[0.48784899 0.23907366]
[0.18894855 0.10179986],[0.84470722 0.13003668],[0.48729967 0.23857152]
[0.18856135 0.101561  ],[0.84492901 0.12978504],[0.48675008 0.23806971]
[0.18817479 0.10132286],[0.84515054 0.12953413],[0.48620022 0.23756824]
[0.18778888 0.10108545],[0.84537179 0.12928395],[0.48565009 0.23706711]
[0.18740363 0.10084876],[0.84559277 0.1290345 ],[0.48509971 0.23656634]
[0.18701903 0.10061279],[0.84581348 0.12878579],[0.48454908 0.23606594]
[0.1866351  0.10037756],[0.84603391 0.12853781],[0.48399822 0.23556591]
[0.18625184 0.10014305],[0.84625406 0.12829057],[0.48344713 0.23506626]
[0.18586925 0.09990928],[0.84647392 0.12804407],[0.48289583 0.23456701]
[0.18548733 0.09967625],[0.84669351 0.12779831],[0.48234431 0.23406816]
[0.18510609 0.09944395],[0.8469128 0.1275533],[0.4817926  0.23356971]
[0.18472554 0.09921238],[0.84713181 0.12730904],[0.48124069 0.23307169]
[0.18434566 0.09898156],[0.84735052 0.12706552],[0.4806886 0.2325741]
[0.18396648 0.09875149],[0.84756895 0.12682276],[0.48013634 0.23207694]
[0.18358799 0.09852215],[0.84778708 0.12658076],[0.47958392 0.23158023]
[0.1832102  0.09829357],[0.84800491 0.1263395 ],[0.47903135 0.23108396]
[0.18283311 0.09806573],[0.84822244 0.12609901],[0.47847863 0.23058817]
[0.18245672 0.09783864],[0.84843967 0.12585928],[0.47792577 0.23009284]
[0.18208104 0.09761231],[0.8486566  0.12562031],[0.47737279 0.22959798]
[0.18170607 0.09738673],[0.84887322 0.1253821 ],[0.47681969 0.22910362]
[0.18133181 0.0971619 ],[0.84908953 0.12514466],[0.47626649 0.22860975]
[0.18095827 0.09693783],[0.84930553 0.12490799],[0.47571318 0.22811637]
[0.18058545 0.09671453],[0.84952123 0.12467208],[0.47515979 0.22762351]
[0.18021336 0.09649198],[0.84973661 0.12443695],[0.47460632 0.22713117]
[0.17984198 0.0962702 ],[0.84995167 0.1242026 ],[0.47405278 0.22663935]
[0.17947134 0.09604918],[0.85016641 0.12396902],[0.47349917 0.22614806]
[0.17910144 0.09582893],[0.85038084 0.12373621],[0.47294552 0.22565731]
[0.17873226 0.09560944],[0.85059494 0.12350419],[0.47239182 0.22516711]
[0.17836383 0.09539073],[0.85080872 0.12327295],[0.47183809 0.22467746]
[0.17799614 0.09517279],[0.85102217 0.12304249],[0.47128433 0.22418838]
[0.17762919 0.09495562],[0.8512353  0.12281282],[0.47073056 0.22369986]
[0.17726299 0.09473923],[0.8514481  0.12258393],[0.47017679 0.22321191]
[0.17689754 0.09452361],[0.85166056 0.12235583],[0.46962302 0.22272455]
[0.17653284 0.09430878],[0.85187269 0.12212853],[0.46906926 0.22223778]
[0.1761689  0.09409472],[0.85208449 0.12190201],[0.46851552 0.2217516 ]
[0.17580572 0.09388144],[0.85229594 0.12167629],[0.46796182 0.22126603]
[0.1754433  0.09366895],[0.85250706 0.12145136],[0.46740816 0.22078106]
[0.17508164 0.09345724],[0.85271784 0.12122723],[0.46685455 0.22029671]
[0.17472075 0.09324632],[0.85292827 0.1210039 ],[0.46630099 0.21981298]
[0.17436063 0.09303618],[0.85313836 0.12078137],[0.46574751 0.21932988]
[0.17400128 0.09282684],[0.85334811 0.12055964],[0.4651941  0.21884741]
[0.17364271 0.09261828],[0.8535575  0.12033872],[0.46464078 0.21836558]
[0.17328491 0.09241052],[0.85376655 0.1201186 ],[0.46408755 0.2178844 ]
[0.17292789 0.09220355],[0.85397524 0.11989929],[0.46353443 0.21740387]
[0.17257166 0.09199738],[0.85418358 0.11968079],[0.46298142 0.216924  ]
[0.17221621 0.091792  ],[0.85439157 0.11946309],[0.46242853 0.21644479]
[0.17186154 0.09158742],[0.8545992  0.11924621],[0.46187578 0.21596624]
[0.17150766 0.09138364],[0.85480647 0.11903014],[0.46132317 0.21548838]
[0.17115458 0.09118066],[0.85501338 0.11881489],[0.4607707  0.21501119]
[0.17080229 0.09097849],[0.85521993 0.11860045],[0.46021839 0.21453469]
[0.17045079 0.09077711],[0.85542612 0.11838683],[0.45966625 0.21405888]
[0.17010009 0.09057654],[0.85563194 0.11817403],[0.45911428 0.21358376]
[0.16975019 0.09037678],[0.8558374  0.11796206],[0.4585625  0.21310935]
[0.1694011  0.09017782],[0.85604249 0.1177509 ],[0.45801091 0.21263564]
[0.16905281 0.08997968],[0.85624721 0.11754057],[0.45745952 0.21216265]
[0.16870532 0.08978234],[0.85645156 0.11733106],[0.45690835 0.21169037]
[0.16835865 0.08958582],[0.85665554 0.11712238],[0.45635739 0.21121881]
[0.16801278 0.0893901 ],[0.85685915 0.11691452],[0.45580665 0.21074798]
[0.16766773 0.0891952 ],[0.85706239 0.1167075 ],[0.45525615 0.21027787]
[0.16732349 0.08900112],[0.85726524 0.11650131],[0.4547059  0.20980851]
[0.16698007 0.08880785],[0.85746773 0.11629595],[0.4541559  0.20933988]
[0.16663747 0.0886154 ],[0.85766983 0.11609142],[0.45360615 0.20887199]
[0.16629569 0.08842377],[0.85787156 0.11588773],[0.45305668 0.20840486]
[0.16595473 0.08823296],[0.8580729  0.11568487],[0.45250748 0.20793848]
[0.16561459 0.08804297],[0.85827386 0.11548285],[0.45195857 0.20747285]
[0.16527528 0.0878538 ],[0.85847444 0.11528168],[0.45140995 0.20700799]
[0.1649368  0.08766546],[0.85867463 0.11508134],[0.45086163 0.20654389]
[0.16459915 0.08747794],[0.85887444 0.11488184],[0.45031361 0.20608056]
[0.16426233 0.08729124],[0.85907387 0.11468318],[0.44976592 0.205618  ]
[0.16392635 0.08710538],[0.8592729  0.11448537],[0.44921855 0.20515622]
[0.16359119 0.08692034],[0.85947154 0.11428841],[0.44867151 0.20469523]
[0.16325688 0.08673613],[0.85966979 0.11409229],[0.44812481 0.20423501]
[0.1629234  0.08655275],[0.85986765 0.11389702],[0.44757845 0.20377559]
[0.16259077 0.0863702 ],[0.86006512 0.11370259],[0.44703246 0.20331696]
[0.16225897 0.08618848],[0.86026219 0.11350902],[0.44648682 0.20285912]
[0.16192802 0.0860076 ],[0.86045887 0.1133163 ],[0.44594156 0.20240209]
[0.16159792 0.08582755],[0.86065515 0.11312443],[0.44539667 0.20194586]
[0.16126866 0.08564834],[0.86085103 0.11293341],[0.44485216 0.20149043]
[0.16094025 0.08546996],[0.86104651 0.11274325],[0.44430805 0.20103582]
[0.16061269 0.08529242],[0.86124159 0.11255395],[0.44376434 0.20058201]
[0.16028598 0.08511572],[0.86143627 0.1123655 ],[0.44322103 0.20012903]
[0.15996012 0.08493985],[0.86163054 0.11217791],[0.44267814 0.19967686]
[0.15963512 0.08476483],[0.86182441 0.11199117],[0.44213567 0.19922552]
[0.15931097 0.08459065],[0.86201788 0.1118053 ],[0.44159362 0.198775  ]
[0.15898768 0.08441731],[0.86221093 0.11162029],[0.44105201 0.19832531]
[0.15866524 0.08424482],[0.86240358 0.11143614],[0.44051084 0.19787645]
[0.15834367 0.08407317],[0.86259582 0.11125285],[0.43997012 0.19742843]
[0.15802296 0.08390236],[0.86278765 0.11107043],[0.43942985 0.19698124]
[0.15770311 0.0837324 ],[0.86297907 0.11088887],[0.43889004 0.1965349 ]
[0.15738412 0.08356329],[0.86317007 0.11070818],[0.4383507 0.1960894]
[0.157066   0.08339503],[0.86336066 0.11052836],[0.43781184 0.19564474]
[0.15674875 0.08322761],[0.86355083 0.1103494 ],[0.43727345 0.19520094]
[0.15643236 0.08306104],[0.86374059 0.11017131],[0.43673556 0.19475798]
[0.15611685 0.08289533],[0.86392993 0.1099941 ],[0.43619815 0.19431588]
[0.1558022  0.08273046],[0.86411885 0.10981775],[0.43566125 0.19387463]
[0.15548842 0.08256645],[0.86430736 0.10964227],[0.43512485 0.19343425]
[0.15517552 0.08240329],[0.86449544 0.10946767],[0.43458896 0.19299472]
[0.15486349 0.08224099],[0.86468309 0.10929394],[0.43405359 0.19255606]
[0.15455234 0.08207954],[0.86487033 0.10912108],[0.43351875 0.19211827]
[0.15424206 0.08191894],[0.86505714 0.1089491 ],[0.43298444 0.19168134]
[0.15393266 0.0817592 ],[0.86524352 0.108778  ],[0.43245066 0.19124528]
[0.15362414 0.08160032],[0.86542948 0.10860777],[0.43191742 0.1908101 ]
[0.1533165 0.0814423],[0.86561501 0.10843842],[0.43138473 0.19037579]
[0.15300973 0.08128513],[0.86580011 0.10826995],[0.4308526  0.18994236]
[0.15270386 0.08112883],[0.86598478 0.10810236],[0.43032102 0.18950981]
[0.15239886 0.08097338],[0.86616902 0.10793565],[0.42979001 0.18907815]
[0.15209475 0.0808188 ],[0.86635282 0.10776982],[0.42925956 0.18864736]
[0.15179152 0.08066507],[0.8665362  0.10760487],[0.4287297  0.18821746]
[0.15148918 0.08051221],[0.86671913 0.10744081],[0.42820041 0.18778845]
[0.15118773 0.08036022],[0.86690164 0.10727763],[0.42767171 0.18736033]
[0.15088716 0.08020908],[0.8670837  0.10711533],[0.4271436 0.1869331]
[0.15058749 0.08005882],[0.86726533 0.10695391],[0.42661609 0.18650676]
[0.1502887  0.07990941],[0.86744652 0.10679339],[0.42608918 0.18608132]
[0.1499908  0.07976088],[0.86762727 0.10663375],[0.42556287 0.18565678]
[0.1496938  0.07961321],[0.86780758 0.10647499],[0.42503718 0.18523313]
[0.14939769 0.07946641],[0.86798744 0.10631713],[0.4245121  0.18481039]
[0.14910248 0.07932047],[0.86816687 0.10616015],[0.42398765 0.18438854]
[0.14880816 0.07917541],[0.86834584 0.10600406],[0.42346382 0.1839676 ]
[0.14851473 0.07903121],[0.86852438 0.10584886],[0.42294062 0.18354757]
[0.1482222  0.07888788],[0.86870246 0.10569456],[0.42241806 0.18312844]
[0.14793057 0.07874543],[0.8688801  0.10554114],[0.42189614 0.18271023]
[0.14763984 0.07860385],[0.86905729 0.10538862],[0.42137486 0.18229292]
[0.14735001 0.07846314],[0.86923404 0.10523698],[0.42085423 0.18187652]
[0.14706107 0.0783233 ],[0.86941033 0.10508625],[0.42033426 0.18146104]
[0.14677304 0.07818433],[0.86958617 0.1049364 ],[0.41981495 0.18104648]
[0.14648591 0.07804624],[0.86976156 0.10478745],[0.4192963  0.18063283]
[0.14619969 0.07790902],[0.86993649 0.1046394 ],[0.41877831 0.18022009]
[0.14591436 0.07777268],[0.87011097 0.10449224],[0.418261   0.17980828]
[0.14562994 0.07763722],[0.87028499 0.10434598],[0.41774436 0.17939738]
[0.14534643 0.07750263],[0.87045856 0.10420061],[0.41722841 0.17898741]
[0.14506382 0.07736891],[0.87063167 0.10405615],[0.41671313 0.17857836]
[0.14478212 0.07723608],[0.87080432 0.10391258],[0.41619855 0.17817024]
[0.14450132 0.07710412],[0.87097652 0.10376991],[0.41568465 0.17776304]
[0.14422144 0.07697304],[0.87114825 0.10362814],[0.41517146 0.17735677]
[0.14394246 0.07684285],[0.87131952 0.10348727],[0.41465896 0.17695142]
[0.14366439 0.07671353],[0.87149033 0.1033473 ],[0.41414716 0.17654701]
[0.14338723 0.07658509],[0.87166067 0.10320823],[0.41363608 0.17614353]
[0.14311098 0.07645753],[0.87183055 0.10307006],[0.4131257  0.17574097]
[0.14283565 0.07633085],[0.87199997 0.10293279],[0.41261604 0.17533936]
[0.14256122 0.07620506],[0.87216892 0.10279643],[0.4121071  0.17493867]
[0.14228771 0.07608015],[0.8723374  0.10266097],[0.41159888 0.17453892]
[0.14201512 0.07595612],[0.87250541 0.10252642],[0.41109139 0.17414011]
[0.14174344 0.07583297],[0.87267295 0.10239277],[0.41058462 0.17374223]
[0.14147267 0.07571071],[0.87284003 0.10226002],[0.41007859 0.1733453 ]
[0.14120282 0.07558933],[0.87300663 0.10212818],[0.4095733 0.1729493]
[0.14093388 0.07546884],[0.87317276 0.10199725],[0.40906874 0.17255424]
[0.14066587 0.07534923],[0.87333842 0.10186722],[0.40856493 0.17216013]
[0.14039877 0.07523051],[0.8735036 0.1017381],[0.40806187 0.17176695]
[0.14013258 0.07511268],[0.87366831 0.10160989],[0.40755955 0.17137472]
[0.13986732 0.07499573],[0.87383255 0.10148258],[0.40705799 0.17098344]
[0.13960298 0.07487967],[0.8739963  0.10135618],[0.40655718 0.1705931 ]
[0.13933955 0.0747645 ],[0.87415958 0.10123069],[0.40605713 0.1702037 ]
[0.13907705 0.07465021],[0.87432238 0.10110611],[0.40555785 0.16981526]
[0.13881547 0.07453682],[0.8744847  0.10098244],[0.40505933 0.16942776]
[0.13855481 0.07442431],[0.87464654 0.10085968],[0.40456157 0.16904121]
[0.13829507 0.07431269],[0.8748079  0.10073783],[0.40406459 0.1686556 ]
[0.13803625 0.07420197],[0.87496878 0.1006169 ],[0.40356838 0.16827095]
[0.13777836 0.07409213],[0.87512917 0.10049687],[0.40307295 0.16788725]
[0.13752139 0.07398319],[0.87528909 0.10037775],[0.4025783  0.16750451]
[0.13726534 0.07387513],[0.87544851 0.10025955],[0.40208443 0.16712271]
[0.13701022 0.07376797],[0.87560745 0.10014226],[0.40159134 0.16674187]
[0.13675603 0.0736617 ],[0.87576591 0.10002588],[0.40109905 0.16636198]
[0.13650276 0.07355632],[0.87592387 0.09991042],[0.40060754 0.16598305]
[0.13625042 0.07345183],[0.87608135 0.09979587],[0.40011683 0.16560507]
[0.13599901 0.07334824],[0.87623834 0.09968223],[0.39962691 0.16522805]
[0.13574852 0.07324554],[0.87639484 0.09956951],[0.39913779 0.16485199]
[0.13549896 0.07314374],[0.87655085 0.0994577 ],[0.39864947 0.16447689]
[0.13525033 0.07304283],[0.87670636 0.09934681],[0.39816196 0.16410274]
[0.13500262 0.07294281],[0.87686139 0.09923684],[0.39767525 0.16372955]
[0.13475585 0.07284369],[0.87701592 0.09912778],[0.39718934 0.16335733]
[0.13451    0.07274546],[0.87716996 0.09901964],[0.39670425 0.16298606]
[0.13426509 0.07264813],[0.8773235  0.09891241],[0.39621998 0.16261575]
[0.13402111 0.0725517 ],[0.87747655 0.0988061 ],[0.39573651 0.16224641]
[0.13377805 0.07245616],[0.8776291  0.09870071],[0.39525387 0.16187803]
[0.13353593 0.07236152],[0.87778115 0.09859624],[0.39477204 0.16151061]
[0.13329474 0.07226777],[0.87793271 0.09849268],[0.39429104 0.16114415]
[0.13305449 0.07217493],[0.87808376 0.09839005],[0.39381086 0.16077866]
[0.13281516 0.07208298],[0.87823432 0.09828833],[0.39333151 0.16041413]
[0.13257677 0.07199193],[0.87838437 0.09818753],[0.39285298 0.16005057]
[0.13233931 0.07190177],[0.87853393 0.09808765],[0.39237529 0.15968798]
[0.13210279 0.07181252],[0.87868298 0.09798869],[0.39189843 0.15932635]
[0.1318672  0.07172416],[0.87883153 0.09789065],[0.3914224  0.15896569]
[0.13163255 0.07163671],[0.87897958 0.09779353],[0.39094721 0.15860599]
[0.13139883 0.07155015],[0.87912712 0.09769734],[0.39047286 0.15824727]
[0.13116604 0.07146449],[0.87927416 0.09760206],[0.38999936 0.15788951]
[0.13093419 0.07137974],[0.87942069 0.0975077 ],[0.38952669 0.15753272]
[0.13070328 0.07129588],[0.87956671 0.09741427],[0.38905487 0.1571769 ]
[0.1304733  0.07121292],[0.87971223 0.09732176],[0.3885839  0.15682205]
[0.13024427 0.07113087],[0.87985723 0.09723017],[0.38811377 0.15646817]
[0.13001616 0.07104971],[0.88000173 0.0971395 ],[0.3876445  0.15611526]
[0.129789   0.07096946],[0.88014572 0.09704976],[0.38717607 0.15576332]
[0.12956277 0.07089011],[0.8802892  0.09696094],[0.3867085  0.15541236]
[0.12933748 0.07081166],[0.88043217 0.09687304],[0.38624179 0.15506237]
[0.12911313 0.07073411],[0.88057463 0.09678606],[0.38577594 0.15471335]
[0.12888972 0.07065747],[0.88071657 0.09670001],[0.38531094 0.1543653 ]
[0.12866725 0.07058173],[0.880858   0.09661489],[0.38484681 0.15401822]
[0.12844572 0.07050689],[0.88099892 0.09653068],[0.38438354 0.15367212]
[0.12822513 0.07043295],[0.88113932 0.09644741],[0.38392113 0.153327  ]
[0.12800548 0.07035992],[0.88127921 0.09636505],[0.38345959 0.15298285]
[0.12778676 0.07028779],[0.88141858 0.09628362],[0.38299891 0.15263967]
[0.12756899 0.07021657],[0.88155743 0.09620312],[0.38253911 0.15229747]
[0.12735216 0.07014625],[0.88169577 0.09612354],[0.38208017 0.15195625]
[0.12713627 0.07007683],[0.88183359 0.09604489],[0.38162211 0.151616  ]
[0.12692132 0.07000832],[0.88197089 0.09596717],[0.38116492 0.15127673]
[0.12670732 0.06994071],[0.88210767 0.09589037],[0.38070861 0.15093843]
[0.12649426 0.06987401],[0.88224393 0.09581449],[0.38025317 0.15060111]
[0.12628213 0.06980821],[0.88237967 0.09573955],[0.37979861 0.15026477]
[0.12607096 0.06974332],[0.88251488 0.09566553],[0.37934494 0.14992941]
[0.12586072 0.06967933],[0.88264958 0.09559243],[0.37889214 0.14959503]
[0.12565143 0.06961625],[0.88278375 0.09552027],[0.37844022 0.14926162]
[0.12544308 0.06955408],[0.8829174  0.09544903],[0.37798919 0.14892919]
[0.12523567 0.06949281],[0.88305052 0.09537872],[0.37753905 0.14859775]
[0.12502921 0.06943244],[0.88318312 0.09530934],[0.37708979 0.14826728]
[0.1248237  0.06937299],[0.8833152  0.09524088],[0.37664142 0.14793779]
[0.12461912 0.06931444],[0.88344675 0.09517335],[0.37619394 0.14760928]
[0.12441549 0.0692568 ],[0.88357777 0.09510676],[0.37574735 0.14728176]
[0.12421281 0.06920006],[0.88370826 0.09504109],[0.37530166 0.14695521]
[0.12401107 0.06914423],[0.88383823 0.09497634],[0.37485685 0.14662965]
[0.12381028 0.06908931],[0.88396767 0.09491253],[0.37441295 0.14630506]
[0.12361043 0.0690353 ],[0.88409658 0.09484965],[0.37396993 0.14598146]
[0.12341153 0.06898219],[0.88422496 0.09478769],[0.37352782 0.14565884]
[0.12321358 0.06892999],[0.88435281 0.09472667],[0.3730866  0.14533721]
[0.12301657 0.0688787 ],[0.88448012 0.09466657],[0.37264629 0.14501655]
[0.12282051 0.06882832],[0.88460691 0.09460741],[0.37220687 0.14469688]
[0.12262539 0.06877885],[0.88473317 0.09454917],[0.37176836 0.14437819]
[0.12243122 0.06873028],[0.88485889 0.09449186],[0.37133075 0.14406048]
[0.122238   0.06868263],[0.88498408 0.09443549],[0.37089404 0.14374376]
[0.12204572 0.06863588],[0.88510873 0.09438004],[0.37045824 0.14342802]
[0.1218544  0.06859004],[0.88523285 0.09432553],[0.37002335 0.14311327]
[0.12166402 0.06854511],[0.88535643 0.09427194],[0.36958936 0.1427995 ]
[0.12147459 0.06850108],[0.88547948 0.09421929],[0.36915629 0.14248671]
[0.1212861  0.06845797],[0.885602   0.09416756],[0.36872412 0.14217491]
[0.12109857 0.06841577],[0.88572397 0.09411677],[0.36829286 0.14186409]
[0.12091198 0.06837448],[0.88584541 0.09406691],[0.36786252 0.14155426]
[0.12072634 0.06833409],[0.88596631 0.09401798],[0.36743308 0.14124541]
[0.12054165 0.06829462],[0.88608668 0.09396998],[0.36700457 0.14093755]
[0.12035791 0.06825605],[0.8862065  0.09392291],[0.36657696 0.14063068]
[0.12017512 0.0682184 ],[0.88632578 0.09387677],[0.36615028 0.14032479]
[0.11999327 0.06818165],[0.88644453 0.09383157],[0.36572451 0.14001989]
[0.11981238 0.06814581],[0.88656273 0.09378729],[0.36529966 0.13971597]
[0.11963243 0.06811089],[0.88668039 0.09374395],[0.36487573 0.13941304]
[0.11945344 0.06807687],[0.88679751 0.09370154],[0.36445271 0.1391111 ]
[0.11927539 0.06804377],[0.88691409 0.09366006],[0.36403062 0.13881014]
[0.1190983  0.06801158],[0.88703013 0.09361952],[0.36360945 0.13851017]
[0.11892215 0.06798029],[0.88714562 0.09357991],[0.36318921 0.13821119]
[0.11874696 0.06794992],[0.88726057 0.09354122],[0.36276989 0.1379132 ]
[0.11857271 0.06792045],[0.88737498 0.09350347],[0.36235149 0.13761619]
[0.11839942 0.0678919 ],[0.88748884 0.09346666],[0.36193402 0.13732017]
[0.11822708 0.06786426],[0.88760215 0.09343077],[0.36151748 0.13702514]
[0.11805568 0.06783753],[0.88771492 0.09339582],[0.36110187 0.1367311 ]
[0.11788524 0.06781171],[0.88782715 0.0933618 ],[0.36068718 0.13643805]
[0.11771575 0.0677868 ],[0.88793882 0.09332872],[0.36027343 0.13614598]
[0.11754721 0.0677628 ],[0.88804995 0.09329656],[0.35986061 0.1358549 ]
[0.11737962 0.06773972],[0.88816054 0.09326534],[0.35944871 0.13556482]
[0.11721299 0.06771754],[0.88827057 0.09323505],[0.35903776 0.13527572]
[0.1170473  0.06769627],[0.88838006 0.0932057 ],[0.35862773 0.13498761]
[0.11688257 0.06767592],[0.88848899 0.09317727],[0.35821864 0.13470049]
[0.11671878 0.06765648],[0.88859738 0.09314979],[0.35781049 0.13441435]
[0.11655595 0.06763795],[0.88870522 0.09312323],[0.35740327 0.13412921]
[0.11639408 0.06762033],[0.8888125  0.09309761],[0.35699699 0.13384506]
[0.11623315 0.06760362],[0.88891924 0.09307292],[0.35659165 0.1335619 ]
[0.11607317 0.06758782],[0.88902543 0.09304916],[0.35618724 0.13327973]
[0.11591415 0.06757293],[0.88913106 0.09302634],[0.35578378 0.13299854]
[0.11575608 0.06755896],[0.88923614 0.09300445],[0.35538125 0.13271835]
[0.11559896 0.0675459 ],[0.88934067 0.09298349],[0.35497967 0.13243915]
[0.1154428  0.06753374],[0.88944464 0.09296347],[0.35457903 0.13216094]
[0.11528758 0.0675225 ],[0.88954807 0.09294438],[0.35417933 0.13188372]
[0.11513332 0.06751218],[0.88965094 0.09292622],[0.35378057 0.13160749]
[0.11498002 0.06750276],[0.88975325 0.092909  ],[0.35338276 0.13133225]
[0.11482766 0.06749425],[0.88985501 0.09289271],[0.35298589 0.131058  ]
[0.11467626 0.06748666],[0.88995621 0.09287735],[0.35258997 0.13078474]
[0.11452581 0.06747997],[0.89005686 0.09286293],[0.35219499 0.13051248]
[0.11437631 0.0674742 ],[0.89015696 0.09284944],[0.35180096 0.1302412 ]
[0.11422777 0.06746934],[0.89025649 0.09283688],[0.35140787 0.12997092]
[0.11408018 0.06746539],[0.89035547 0.09282526],[0.35101574 0.12970163]
[0.11393354 0.06746236],[0.8904539  0.09281457],[0.35062455 0.12943333]
[0.11378786 0.06746023],[0.89055176 0.09280481],[0.35023431 0.12916602]
[0.11364313 0.06745902],[0.89064907 0.09279599],[0.34984502 0.12889971]
[0.11349935 0.06745871],[0.89074582 0.0927881 ],[0.34945669 0.12863438]
[0.11335653 0.06745932],[0.89084201 0.09278115],[0.3490693  0.12837005]
[0.11321466 0.06746084],[0.89093764 0.09277512],[0.34868286 0.12810671]
[0.11307374 0.06746327],[0.89103271 0.09277004],[0.34829738 0.12784437]
[0.11293378 0.06746661],[0.89112723 0.09276588],[0.34791285 0.12758301]
[0.11279477 0.06747087],[0.89122118 0.09276266],[0.34752927 0.12732265]
[0.11265671 0.06747603],[0.89131457 0.09276037],[0.34714665 0.12706328]
[0.11251961 0.06748211],[0.8914074  0.09275902],[0.34676498 0.1268049 ]
[0.11238346 0.06748909],[0.89149967 0.09275859],[0.34638426 0.12654752]
[0.11224826 0.06749699],[0.89159138 0.09275911],[0.3460045  0.12629113]
[0.11211402 0.0675058 ],[0.89168253 0.09276055],[0.3456257  0.12603573]
[0.11198073 0.06751552],[0.89177312 0.09276293],[0.34524785 0.12578133]
[0.1118484  0.06752615],[0.89186314 0.09276624],[0.34487096 0.12552792]
[0.11171702 0.06753769],[0.8919526  0.09277048],[0.34449503 0.1252755 ]
[0.11158659 0.06755014],[0.8920415  0.09277566],[0.34412005 0.12502407]
[0.11145712 0.06756351],[0.89212983 0.09278177],[0.34374604 0.12477364]
[0.1113286  0.06757778],[0.8922176  0.09278882],[0.34337298 0.1245242 ]
[0.11120103 0.06759296],[0.8923048  0.09279679],[0.34300088 0.12427576]
[0.11107442 0.06760906],[0.89239145 0.0928057 ],[0.34262974 0.12402831]
[0.11094876 0.06762606],[0.89247752 0.09281554],[0.34225957 0.12378185]
[0.11082406 0.06764398],[0.89256303 0.09282632],[0.34189035 0.12353639]
[0.11070031 0.0676628 ],[0.89264798 0.09283803],[0.34152209 0.12329192]
[0.11057752 0.06768254],[0.89273236 0.09285067],[0.3411548  0.12304845]
[0.11045567 0.06770318],[0.89281617 0.09286424],[0.34078846 0.12280597]
[0.11033479 0.06772474],[0.89289942 0.09287874],[0.34042309 0.12256448]
[0.11021485 0.0677472 ],[0.89298211 0.09289418],[0.34005869 0.12232399]
[0.11009587 0.06777058],[0.89306422 0.09291055],[0.33969524 0.12208449]
[0.10997785 0.06779486],[0.89314577 0.09292785],[0.33933276 0.12184599]
[0.10986077 0.06782006],[0.89322675 0.09294609],[0.33897124 0.12160848]
[0.10974466 0.06784616],[0.89330716 0.09296525],[0.33861069 0.12137196]
[0.10962949 0.06787317],[0.89338701 0.09298535],[0.3382511  0.12113644]
[0.10951528 0.0679011 ],[0.89346629 0.09300638],[0.33789248 0.12090192]
[0.10940202 0.06792993],[0.89354499 0.09302834],[0.33753483 0.12066839]
[0.10928972 0.06795967],[0.89362313 0.09305124],[0.33717814 0.12043585]
[0.10917837 0.06799032],[0.89370071 0.09307506],[0.33682241 0.12020431]
[0.10906797 0.06802188],[0.89377771 0.09309982],[0.33646766 0.11997377]
[0.10895853 0.06805434],[0.89385414 0.0931255 ],[0.33611387 0.11974422]
[0.10885004 0.06808772],[0.89393    0.09315212],[0.33576104 0.11951566]
[0.10874251 0.068122  ],[0.8940053  0.09317967],[0.33540919 0.1192881 ]
[0.10863593 0.06815719],[0.89408002 0.09320815],[0.3350583  0.11906153]
[0.1085303  0.06819329],[0.89415417 0.09323757],[0.33470839 0.11883596]
[0.10842563 0.0682303 ],[0.89422776 0.09326791],[0.33435944 0.11861139]
[0.1083219  0.06826821],[0.89430077 0.09329918],[0.33401146 0.11838781]
[0.10821914 0.06830703],[0.89437321 0.09333139],[0.33366445 0.11816523]
[0.10811732 0.06834676],[0.89444508 0.09336452],[0.33331841 0.11794364]
[0.10801646 0.0683874 ],[0.89451638 0.09339858],[0.33297334 0.11772305]
[0.10791655 0.06842895],[0.8945871  0.09343358],[0.33262924 0.11750345]
[0.1078176 0.0684714],[0.89465726 0.0934695 ],[0.33228611 0.11728485]
[0.1077196  0.06851475],[0.89472684 0.09350636],[0.33194395 0.11706724]
[0.10762255 0.06855902],[0.89479585 0.09354414],[0.33160277 0.11685063]
[0.10752646 0.06860419],[0.89486429 0.09358285],[0.33126255 0.11663502]
[0.10743131 0.06865027],[0.89493215 0.09362249],[0.33092331 0.1164204 ]
[0.10733712 0.06869725],[0.89499945 0.09366307],[0.33058504 0.11620678]
[0.10724389 0.06874514],[0.89506617 0.09370457],[0.33024775 0.11599415]
[0.1071516  0.06879393],[0.89513231 0.093747  ],[0.32991142 0.11578252]
[0.10706027 0.06884363],[0.89519789 0.09379035],[0.32957607 0.11557189]
[0.10696989 0.06889424],[0.89526289 0.09383464],[0.32924169 0.11536225]
[0.10688047 0.06894575],[0.89532731 0.09387986],[0.32890829 0.11515361]
[0.10679199 0.06899816],[0.89539116 0.093926  ],[0.32857586 0.11494596]
[0.10670447 0.06905148],[0.89545444 0.09397307],[0.3282444  0.11473931]
[0.1066179 0.0691057],[0.89551714 0.09402107],[0.32791392 0.11453366]
[0.10653228 0.06916083],[0.89557927 0.09406999],[0.32758441 0.114329  ]
[0.10644762 0.06921686],[0.89564083 0.09411985],[0.32725588 0.11412534]
[0.10636391 0.0692738 ],[0.89570181 0.09417063],[0.32692832 0.11392268]
[0.10628114 0.06933164],[0.89576221 0.09422233],[0.32660174 0.11372101]
[0.10619934 0.06939038],[0.89582204 0.09427497],[0.32627613 0.11352034]
[0.10611848 0.06945003],[0.89588129 0.09432853],[0.3259515  0.11332067]
[0.10603857 0.06951058],[0.89593997 0.09438302],[0.32562785 0.11312199]
[0.10595962 0.06957203],[0.89599807 0.09443843],[0.32530517 0.11292431]
[0.10588161 0.06963438],[0.8960556  0.09449477],[0.32498347 0.11272763]
[0.10580456 0.06969764],[0.89611255 0.09455203],[0.32466275 0.11253194]
[0.10572846 0.06976179],[0.89616893 0.09461022],[0.324343   0.11233725]
[0.10565331 0.06982685],[0.89622473 0.09466934],[0.32402423 0.11214355]
[0.10557911 0.06989281],[0.89627995 0.09472938],[0.32370644 0.11195086]
[0.10550586 0.06995967],[0.8963346  0.09479035],[0.32338963 0.11175916]
[0.10543356 0.07002743],[0.89638867 0.09485224],[0.3230738  0.11156846]
[0.10536221 0.0700961 ],[0.89644217 0.09491505],[0.32275894 0.11137875]
[0.10529181 0.07016566],[0.89649509 0.09497879],[0.32244506 0.11119004]
[0.10522237 0.07023612],[0.89654743 0.09504345],[0.32213217 0.11100233]
[0.10515387 0.07030748],[0.8965992  0.09510904],[0.32182025 0.11081561]
[0.10508632 0.07037974],[0.89665039 0.09517555],[0.32150931 0.1106299 ]
[0.10501972 0.07045291],[0.89670101 0.09524298],[0.32119935 0.11044518]
[0.10495408 0.07052696],[0.89675105 0.09531133],[0.32089037 0.11026145]
[0.10488938 0.07060192],[0.89680051 0.09538061],[0.32058237 0.11007873]
[0.10482563 0.07067778],[0.8968494  0.09545081],[0.32027535 0.109897  ]
[0.10476283 0.07075453],[0.89689771 0.09552193],[0.31996931 0.10971627]
[0.10470098 0.07083218],[0.89694544 0.09559398],[0.31966425 0.10953653]
[0.10464008 0.07091073],[0.8969926  0.09566694],[0.31936017 0.1093578 ]
[0.10458012 0.07099018],[0.89703919 0.09574083],[0.31905708 0.10918006]
[0.10452112 0.07107052],[0.89708519 0.09581564],[0.31875496 0.10900332]
[0.10446306 0.07115176],[0.89713062 0.09589137],[0.31845383 0.10882757]
[0.10440595 0.07123389],[0.89717548 0.09596801],[0.31815368 0.10865283]
[0.10434979 0.07131692],[0.89721975 0.09604558],[0.31785451 0.10847908]
[0.10429458 0.07140084],[0.89726346 0.09612407],[0.31755632 0.10830632]
[0.10424031 0.07148566],[0.89730658 0.09620348],[0.31725911 0.10813457]
[0.10418699 0.07157138],[0.89734913 0.09628381],[0.31696289 0.10796381]
[0.10413462 0.07165799],[0.89739111 0.09636505],[0.31666765 0.10779406]
[0.1040832  0.07174549],[0.89743251 0.09644722],[0.3163734  0.10762529]
[0.10403272 0.07183388],[0.89747333 0.0965303 ],[0.31608012 0.10745753]
[0.10398319 0.07192317],[0.89751358 0.0966143 ],[0.31578783 0.10729077]
[0.1039346  0.07201335],[0.89755326 0.09669922],[0.31549652 0.107125  ]
[0.10388697 0.07210443],[0.89759236 0.09678506],[0.3152062  0.10696023]
[0.10384027 0.07219639],[0.89763088 0.09687181],[0.31491686 0.10679646]
[0.10379453 0.07228925],[0.89766883 0.09695948],[0.3146285  0.10663368]
[0.10374973 0.07238299],[0.89770621 0.09704807],[0.31434113 0.10647191]
[0.10370587 0.07247763],[0.89774301 0.09713757],[0.31405475 0.10631113]
[0.10366296 0.07257316],[0.89777923 0.09722799],[0.31376934 0.10615135]
[0.103621   0.07266958],[0.89781488 0.09731932],[0.31348493 0.10599256]
[0.10357997 0.07276689],[0.89784996 0.09741157],[0.31320149 0.10583478]
[0.1035399  0.07286508],[0.89788447 0.09750474],[0.31291904 0.10567799]
[0.10350077 0.07296417],[0.8979184  0.09759881],[0.31263758 0.1055222 ]
[0.10346258 0.07306414],[0.89795175 0.0976938 ],[0.3123571  0.10536741]
[0.10342533 0.073165  ],[0.89798454 0.09778971],[0.31207761 0.10521362]
[0.10338903 0.07326675],[0.89801675 0.09788653],[0.3117991  0.10506083]
[0.10335367 0.07336939],[0.89804839 0.09798426],[0.31152158 0.10490903]
[0.10331926 0.07347291],[0.89807945 0.0980829 ],[0.31124505 0.10475823]
[0.10328579 0.07357732],[0.89810995 0.09818246],[0.3109695  0.10460843]
[0.10325326 0.07368261],[0.89813987 0.09828292],[0.31069494 0.10445963]
[0.10322167 0.07378879],[0.89816922 0.0983843 ],[0.31042136 0.10431183]
